0	1	2	3	4	5	6	7	8	9	10	11	12	13	14	15	16	17	18	19	20	21	22	23	24	25	26	27	28	29
2040	1.49727	1.57432	1.57978	1.57951	1.56626	1.55396	1.54986	1.47896	1.41325	1.32281	1.36967	1.33811	1.3388	1.35642	1.47596	1.47924	1.42063	1.42432	1.42705	1.55273	1.51011	1.54809	1.57637	1.55342	1.55779	1.55683	1.56762	1.5709	1.57432
2100	1.47869	1.57855	1.58046	1.57882	1.5623	1.54426	1.53661	1.39672	1.3444	1.31475	1.34508	1.32473	1.32746	1.3321	1.41393	1.42172	1.36708	1.35833	1.36639	1.53675	1.40615	1.50779	1.56954	1.4944	1.54836	1.55082	1.56721	1.55574	1.56721
2160	1.56981	1.57869	1.57445	1.57309	1.54973	1.52568	1.44768	1.3418	1.32527	1.3123	1.33579	1.31817	1.31885	1.32145	1.3638	1.36831	1.34112	1.34085	1.3444	1.43128	1.33607	1.44098	1.55396	1.42623	1.51243	1.53893	1.56735	1.54986	1.56393
2220	1.57746	1.57295	1.57104	1.56585	1.53374	1.43046	1.36858	1.32104	1.31544	1.3123	1.33224	1.31052	1.31025	1.31598	1.33866	1.34536	1.33689	1.33825	1.33989	1.36134	1.322	1.40205	1.53511	1.38156	1.46913	1.53005	1.57049	1.55506	1.55533
2280	1.57732	1.56571	1.56735	1.56052	1.48634	1.35601	1.32732	1.31202	1.30669	1.31189	1.32705	1.30833	1.31107	1.31093	1.33128	1.34085	1.33443	1.33716	1.33661	1.33115	1.31872	1.35902	1.50027	1.34221	1.43456	1.52432	1.57145	1.54822	1.54945
2340	1.57268	1.56134	1.56298	1.5556	1.38771	1.32172	1.31243	1.30738	1.30369	1.31134	1.32035	1.3071	1.32527	1.30779	1.32459	1.33921	1.33115	1.33866	1.33743	1.32336	1.31434	1.34877	1.46107	1.33675	1.38497	1.5209	1.57035	1.52527	1.5474
2400	1.57131	1.56025	1.56038	1.53046	1.32882	1.30929	1.30465	1.30342	1.30273	1.31107	1.3153	1.3041	1.36831	1.30697	1.3194	1.33388	1.32801	1.33689	1.33648	1.32145	1.31393	1.34372	1.41325	1.32609	1.3515	1.51762	1.56107	1.50792	1.55355
2460	1.56626	1.55656	1.55683	1.49331	1.3123	1.30697	1.3026	1.30164	1.30232	1.31161	1.31831	1.30601	1.44959	1.30628	1.3138	1.32541	1.32814	1.33757	1.3362	1.32008	1.31189	1.35355	1.36817	1.32555	1.34139	1.50574	1.56393	1.49932	1.54945
2520	1.56353	1.56147	1.52787	1.37432	1.30792	1.32227	1.30027	1.30669	1.30574	1.33429	1.33333	1.31612	1.53128	1.31216	1.30833	1.32377	1.33962	1.34385	1.34358	1.32131	1.31776	1.36216	1.35301	1.33648	1.35027	1.50328	1.56844	1.47978	1.5485
2580	1.5623	1.54194	1.51489	1.3138	1.30915	1.35273	1.30273	1.3388	1.33142	1.38525	1.3668	1.36189	1.55355	1.34153	1.31011	1.33716	1.38156	1.38511	1.38197	1.32678	1.33046	1.36598	1.35628	1.38074	1.41311	1.53347	1.56817	1.46735	1.54768
2640	1.55546	1.50328	1.48839	1.30642	1.32391	1.38224	1.31926	1.39194	1.37746	1.48128	1.45191	1.51598	1.55765	1.41776	1.33402	1.37486	1.46421	1.45232	1.44522	1.34877	1.37924	1.40997	1.38238	1.46366	1.49863	1.55847	1.56147	1.47664	1.54809
2700	1.55888	1.49385	1.40779	1.30601	1.34413	1.42199	1.35369	1.47158	1.48169	1.55369	1.53784	1.56721	1.55765	1.51626	1.38552	1.47336	1.53169	1.53074	1.51721	1.38579	1.44385	1.47404	1.44413	1.52869	1.52883	1.56161	1.56271	1.50874	1.54508
2760	1.55123	1.52035	1.37022	1.30478	1.36544	1.43975	1.43292	1.52227	1.54399	1.56667	1.56667	1.58497	1.56093	1.55656	1.47172	1.5526	1.5526	1.54727	1.53934	1.4276	1.51489	1.52896	1.49303	1.54262	1.55109	1.55915	1.54959	1.57049	1.58019
2820	1.54973	1.53538	1.34973	1.30301	1.38388	1.42992	1.4944	1.53893	1.56079	1.57527	1.57514	1.5862	1.56175	1.56243	1.53087	1.56066	1.56175	1.54822	1.54276	1.47404	1.54044	1.53593	1.51967	1.54208	1.55287	1.55984	1.54836	1.5888	1.58593
2880	1.55246	1.52883	1.32541	1.30178	1.39331	1.43593	1.5276	1.5444	1.56271	1.58579	1.57568	1.56544	1.56749	1.56421	1.54631	1.56298	1.55628	1.54495	1.53934	1.49167	1.54003	1.52418	1.52309	1.54331	1.55478	1.55738	1.52432	1.5888	1.58661
2940	1.55902	1.53238	1.3112	1.3015	1.41271	1.45465	1.54262	1.55232	1.5668	1.58798	1.56653	1.55492	1.57145	1.56339	1.55178	1.5638	1.55314	1.53771	1.53934	1.50533	1.53661	1.503	1.52596	1.5444	1.55342	1.54317	1.48934	1.58607	1.58306
3000	1.55751	1.48975	1.30697	1.30492	1.45546	1.49877	1.5474	1.55628	1.56653	1.58361	1.55355	1.53866	1.57596	1.56721	1.55642	1.54877	1.55383	1.53566	1.52951	1.52855	1.53784	1.50341	1.5306	1.5474	1.54577	1.52964	1.43538	1.55082	1.56298
3060	1.56025	1.42527	1.3026	1.34713	1.50615	1.53374	1.55546	1.56393	1.5791	1.56598	1.53675	1.52609	1.56885	1.56721	1.56175	1.53675	1.53074	1.53456	1.52705	1.53511	1.54276	1.5026	1.54126	1.54399	1.54139	1.51653	1.43402	1.33429	1.41844
3120	1.56284	1.34098	1.30014	1.41503	1.5403	1.55123	1.56257	1.57159	1.58006	1.4832	1.51107	1.50779	1.56503	1.5668	1.56421	1.53347	1.51913	1.53238	1.52117	1.54399	1.54836	1.50451	1.54508	1.54098	1.52978	1.50465	1.45328	1.31421	1.32828
3180	1.55697	1.31093	1.3015	1.51134	1.55656	1.56202	1.56243	1.57992	1.57896	1.35929	1.39139	1.48716	1.56626	1.56694	1.55929	1.53046	1.50997	1.52869	1.51899	1.54877	1.55396	1.50943	1.55082	1.53771	1.49945	1.50833	1.47309	1.31189	1.31967
3240	1.55574	1.30601	1.33265	1.55068	1.55997	1.56366	1.55984	1.57855	1.57814	1.31175	1.33743	1.4474	1.56503	1.56161	1.55396	1.53101	1.50806	1.51872	1.52063	1.55396	1.55806	1.52404	1.54727	1.5332	1.48279	1.52322	1.50178	1.3179	1.32077
3300	1.55178	1.31749	1.39235	1.56093	1.56448	1.56667	1.55874	1.57336	1.55724	1.30014	1.3224	1.39659	1.57035	1.55191	1.49249	1.51926	1.50601	1.50642	1.52609	1.55833	1.55396	1.52937	1.54344	1.53361	1.48019	1.53388	1.52937	1.3582	1.32473
3360	1.52363	1.35027	1.51612	1.56066	1.56243	1.56475	1.55068	1.56038	1.35451	1.30451	1.30314	1.3444	1.4929	1.52049	1.43443	1.51831	1.50465	1.50806	1.5306	1.55792	1.55601	1.53033	1.53429	1.525	1.48456	1.54167	1.55779	1.44577	1.34372
3420	1.41407	1.40587	1.54672	1.56721	1.56216	1.56516	1.54809	1.55027	1.3097	1.30492	1.30369	1.31667	1.31093	1.39781	1.42309	1.52391	1.49126	1.49836	1.5418	1.55997	1.55533	1.52787	1.52992	1.52076	1.50219	1.54385	1.56052	1.50615	1.40505
3480	1.34372	1.48566	1.55546	1.5679	1.56639	1.57008	1.55014	1.52008	1.30109	1.30437	1.30546	1.3112	1.30328	1.31134	1.43169	1.52445	1.49358	1.49549	1.54508	1.55874	1.54221	1.52732	1.53115	1.52117	1.5071	1.54262	1.56749	1.53497	1.51516
3540	1.34167	1.52637	1.5597	1.56667	1.57418	1.56803	1.52131	1.39167	1.30355	1.30642	1.30533	1.31257	1.30219	1.30902	1.47541	1.51544	1.49358	1.51353	1.55519	1.55751	1.5209	1.5168	1.53566	1.50287	1.50587	1.5444	1.56803	1.54194	1.55219
